PartB_00042.jpg 1134,1133,1303,1342,1 782,1146,907,1298,1 103,1190,311,1496,1 351,1225,486,1373,1 245,1133,345,1254,1 143,1065,228,1160,1 45,1027,120,1117,1 288,1029,351,1104,1 443,1025,522,1098,1 538,998,622,1094,1 634,994,695,1060,1 757,1023,824,1106,1 809,981,868,1050,1 895,1002,966,1075,1 1084,958,1147,1033,1 1234,981,1288,1056,1 1376,994,1445,1065,1 1474,1000,1541,1077,1 1511,998,1566,1060,1 1603,1015,1657,1077,1 1651,960,1705,1023,1 1718,987,1761,1044,1 1776,1027,1841,1098,1 1797,990,1853,1046,1 1899,1021,1955,1100,1 2028,1025,2086,1104,1 2155,1023,2203,1096,1 2232,1006,2303,1094,1 2324,1006,2388,1096,1 2626,1035,2703,1152,1 2705,1035,2776,1144,1
PartB_02338.jpg 643,110,864,385,1 418,127,584,323,1 219,73,346,210,1 68,71,153,158,1 6,73,79,152,1 403,48,461,119,1 479,40,520,81,1 460,80,512,128,1 565,69,613,122,1 644,32,698,86,1 872,56,916,111,1
PartB_00328.jpg 121,160,231,299,1 286,131,395,266,1 480,129,564,252,1 596,132,672,235,1 651,108,705,170,1 745,103,800,202,1 422,78,490,162,1 483,90,530,146,1 322,66,383,133,1 254,86,310,144,1 179,71,236,140,1 89,123,155,197,1 128,85,172,131,1 47,92,89,147,1 65,79,94,111,1 1,76,44,140,1
PartB_00080.jpg 278,301,357,410,1 227,256,307,346,1 169,235,232,300,1 173,190,229,243,1 164,155,214,206,1 136,137,175,177,1 123,124,148,153,1 106,121,130,149,1 75,112,103,139,1 36,64,60,90,1 101,70,123,88,1 121,96,144,118,1 137,73,152,87,1 158,91,171,107,1 171,78,189,99,1 189,81,209,103,1 201,94,227,125,1 229,99,248,128,1 242,100,261,129,1 254,97,281,131,1 273,104,298,137,1 297,103,329,141,1 309,114,342,157,1 375,101,415,150,1 402,157,449,199,1 472,124,531,189,1 546,138,600,208,1 577,90,591,104,1 555,86,568,101,1 546,71,561,90,1 524,90,536,104,1 523,82,534,95,1 503,81,514,95,1 494,77,505,88,1 482,84,495,96,1 459,87,470,98,1 470,87,484,97,1 432,76,442,84,1 420,74,431,85,1 410,71,421,81,1 391,76,402,89,1 372,73,381,84,1 351,73,363,82,1 347,51,359,64,1 334,73,343,82,1 326,71,335,80,1 333,64,339,72,1 325,53,333,65,1 314,69,321,75,1 272,59,282,68,1 212,54,221,63,1
PartB_00845.jpg 63,237,114,285,1 195,240,236,277,1 221,178,258,219,1 185,276,278,364,1 337,270,392,342,1 315,237,353,272,1 161,274,213,329,1 471,228,517,285,1 490,223,529,261,1 527,226,571,262,1 538,285,610,370,1 617,258,680,320,1 612,232,658,276,1 701,238,742,274,1 811,240,869,296,1
PartB_00880.jpg 98,125,124,154,1 160,128,189,157,1 256,122,281,149,1 322,128,347,151,1 372,128,392,148,1 404,127,425,145,1 436,126,454,145,1 414,151,448,190,1 463,142,496,184,1 506,141,538,173,1 542,132,576,168,1
PartB_00168.jpg 60,100,103,157,1 128,188,211,276,1 166,116,207,158,1 267,122,296,157,1 319,113,356,156,1 382,119,406,148,1 436,120,461,154,1 445,136,482,171,1 459,233,556,326,1 574,138,613,174,1 586,115,618,152,1 522,122,546,147,1 618,202,689,274,1 652,134,698,179,1
PartB_00874.jpg 84,270,103,294,1 40,304,67,329,1 142,305,173,333,1 176,271,196,294,1 255,293,275,315,1 262,335,284,359,1 282,211,299,234,1 362,298,384,323,1 379,335,408,364,1 460,314,487,342,1 527,285,550,310,1 567,315,595,344,1
PartB_00602.jpg 78,73,168,195,1 56,52,116,120,1 152,15,194,65,1 160,47,219,131,1 178,106,284,238,1 252,33,301,90,1 345,12,387,65,1 401,32,454,102,1 464,52,540,150,1
PartB_01633.jpg 50,180,69,198,1 71,181,94,202,1 80,164,96,181,1 106,169,125,186,1 143,165,166,188,1 164,165,179,180,1 190,169,214,193,1 195,161,214,174,1 190,128,201,143,1 22,173,38,189,1 37,179,51,195,1 231,156,245,170,1 236,162,251,177,1 257,160,271,177,1 277,157,298,174,1 315,155,331,169,1 269,195,326,244,1 339,162,389,202,1 350,186,445,278,1 383,168,409,195,1 412,154,432,174,1 437,156,454,173,1 467,143,503,179,1 437,186,473,224,1 445,166,487,203,1
PartB_00351.jpg 31,124,54,149,1 53,152,77,177,1 70,138,89,162,1 76,124,95,144,1 84,172,108,203,1 99,164,119,183,1 104,145,120,164,1 123,129,141,149,1 121,171,149,209,1 145,161,166,183,1 158,173,183,201,1 150,141,169,161,1 162,126,180,146,1 186,130,200,151,1 186,187,214,220,1 189,157,207,183,1 197,143,216,164,1 218,137,232,154,1 219,174,239,204,1 241,190,268,222,1 235,163,255,189,1 244,146,260,164,1 256,135,271,154,1 277,175,297,203,1 281,161,298,180,1 277,149,293,166,1 294,136,313,154,1 304,187,333,226,1 318,157,339,181,1 321,147,339,163,1 337,143,350,163,1 344,168,366,200,1 367,180,398,219,1 374,155,393,176,1 356,148,374,168,1 370,135,383,151,1 402,143,417,162,1 413,141,430,159,1 428,162,447,187,1 411,192,436,223,1 423,216,452,251,1 454,186,477,216,1 444,149,459,169,1 435,148,450,163,1 473,144,488,165,1 478,175,495,197,1 502,200,533,241,1 501,175,524,200,1 489,152,507,174,1 498,135,512,152,1 521,150,537,170,1 533,159,552,181,1 533,137,549,156,1 557,145,576,164,1 553,176,578,207,1 582,157,603,185,1 587,194,617,228,1 572,123,589,142,1 602,141,619,162,1 610,118,629,139,1 602,164,627,192,1 645,188,672,220,1 664,171,686,200,1 646,143,665,166,1 693,126,714,151,1 693,183,724,219,1
PartB_00356.jpg 19,2,111,105,1 143,29,209,102,1 217,30,253,72,1 244,26,266,55,1 257,30,324,106,1 307,1,357,52,1 319,21,410,175,1
PartB_01627.jpg 565,337,842,650,1 1131,577,1296,775,1 1602,685,2073,1225,1 1590,1206,2298,1909,1
PartB_00097.jpg 27,174,120,281,1 212,155,266,209,1 216,93,236,112,1 179,136,205,162,1 129,129,155,152,1 58,129,87,154,1 291,137,311,159,1 334,135,355,157,1 359,141,381,163,1 323,213,410,308,1 457,166,499,210,1 527,139,569,189,1
PartB_01733.jpg 3,458,158,605,1 64,424,183,549,1 149,493,285,633,1 226,551,362,660,1 303,546,451,663,1 434,416,560,546,1 487,505,613,630,1 663,453,791,604,1 816,536,939,658,1 7,578,176,663,1 412,148,520,292,1
PartB_00930.jpg 802,315,842,364,1 4,689,53,763,1 58,692,130,774,1 128,653,190,715,1 194,670,257,736,1 253,687,323,752,1 152,739,216,827,1 190,730,285,824,1 237,750,345,867,1 329,705,408,800,1 254,629,324,707,1 423,689,519,807,1 462,623,534,702,1 559,599,611,672,1 525,739,627,849,1 611,720,693,817,1 603,654,671,727,1 720,628,773,692,1 821,698,911,787,1 854,641,947,737,1 911,616,961,674,1 936,581,1005,652,1 873,803,1021,948,1 1003,817,1166,949,1 635,844,806,947,1 474,859,630,946,1 1073,690,1183,802,1 1042,516,1100,575,1
PartB_00858.jpg 14,154,72,212,1 78,156,99,181,1 91,145,124,175,1 179,156,223,203,1 225,157,253,187,1 198,113,214,129,1 267,158,332,225,1 256,155,294,195,1 311,154,331,176,1 326,147,352,171,1 367,138,400,194,1
PartB_01075.jpg 2,80,48,181,1 91,126,140,186,1 192,158,242,215,1 249,172,290,212,1 230,160,258,187,1 273,137,311,173,1 315,133,354,175,1 345,173,411,231,1 388,181,497,291,1 430,128,476,186,1 162,158,200,195,1
PartB_00583.jpg 92,54,126,95,1 124,28,168,83,1 120,79,211,160,1 341,1,400,77,1
PartB_00651.jpg 121,379,157,423,1 79,357,110,402,1 195,422,231,468,1 243,392,279,442,1 339,424,384,470,1 365,361,401,400,1 478,450,522,501,1 476,397,511,438,1 584,459,625,511,1 613,478,660,541,1 716,474,747,512,1 736,500,785,564,1 847,491,884,540,1 963,510,1002,563,1 1118,554,1186,632,1 1161,243,1464,564,1